date,ticker,open,high,low,close,adj_close,volume,collected_at
2026-01-20,SPY,681.49,684.77,676.57,677.58,672.3286,111623300,2026-10-05T14:27:09+00:00
2026-01-20,VIX,19.94,20.99,18.64,20.09,20.09,0,2026-10-05T14:27:09+00:00
2026-01-20,ES,6918.25,6935.0,6822.25,6829.5,6829.5,2391547,2026-10-05T14:27:09+00:00
2026-01-20,NQ,25471.0,25472.0,25095.25,25129.25,25129.25,864568,2026-10-05T14:27:09+00:00
2026-01-20,US10Y,4.279,4.311,4.269,4.295,4.295,0,2026-10-05T14:27:09+00:00
2026-01-20,DXY,99.14,99.14,98.25,98.64,98.64,0,2026-10-05T14:27:09+00:00
2026-01-20,WTI,59.01,60.68,58.7,60.34,60.34,499595,2026-10-05T14:27:09+00:00
2026-01-20,GOLD,4633.7002,4771.5,4622.2002,4765.7998,4765.7998,414495,2026-10-05T14:27:09+00:00
2026-01-20,XLF,53.61,54.11,53.1,53.2,52.5572,57030800,2026-10-05T14:27:09+00:00
2026-01-20,XLK,143.09,144.1,141.61,141.84,141.3302,20029200,2026-10-05T14:27:09+00:00
2026-01-20,XLC,113.79,114.7,113.375,113.47,112.445,9177400,2026-10-05T14:27:09+00:00
2026-01-20,XLE,48.09,48.31,47.5,47.6,46.675,50178700,2026-10-05T14:27:09+00:00
2026-01-20,XLV,154.0,155.92,153.23,155.4,153.4968,12775200,2026-10-05T14:27:09+00:00
2026-01-20,XLY,120.28,120.57,118.9,119.12,118.384,9720000,2026-10-05T14:27:09+00:00
2026-01-20,XLP,81.95,82.56,81.45,82.36,80.8032,19889000,2026-10-05T14:27:09+00:00
2026-01-20,XLI,164.76,165.71,163.18,163.53,162.2355,14435200,2026-10-05T14:27:09+00:00
2026-01-20,JPM,306.21,311.15,301.86,302.74,299.8477,12900600,2026-10-05T14:27:09+00:00
2026-01-20,BAC,52.32,53.48,51.96,52.1,51.2777,49172700,2026-10-05T14:27:09+00:00
2026-01-20,NVDA,181.9,182.38,177.61,178.07,177.6543,223345300,2026-10-05T14:27:09+00:00
2026-01-20,AAPL,252.73,254.79,243.42,246.7,246.0303,80267500,2026-10-05T14:27:09+00:00
2026-01-20,GOOGL,320.87,327.73,320.43,322.0,321.3748,35361000,2026-10-05T14:27:09+00:00
2026-01-20,META,607.88,611.4,600.0,604.12,602.5688,15169600,2026-10-05T14:27:09+00:00
2026-01-20,PGR,200.64,204.14,198.5,203.92,203.6258,3647000,2026-10-05T14:27:09+00:00
2026-01-20,ALL,191.5,196.04,191.5,193.55,190.7724,1786000,2026-10-05T14:27:09+00:00
2026-01-20,DAL,68.78,69.46,66.85,67.46,66.9339,7740400,2026-10-05T14:27:09+00:00
2026-01-20,UAL,110.33,112.2,107.76,108.57,108.57,9227200,2026-10-05T14:27:09+00:00
2026-01-20,XOM,131.51,131.94,130.07,130.46,127.8944,16477300,2026-10-05T14:27:09+00:00
2026-01-20,CVX,166.71,167.65,165.15,165.3,160.8095,11142500,2026-10-05T14:27:09+00:00
2026-01-20,LLY,1028.15,1045.85,1015.96,1041.29,1036.2836,2484900,2026-10-05T14:27:09+00:00
2026-01-20,MRK,108.11,109.64,106.93,109.45,107.2366,15241100,2026-10-05T14:27:09+00:00
2026-01-20,TSLA,429.36,430.73,417.44,419.25,419.25,63187300,2026-10-05T14:27:09+00:00
2026-01-20,GM,79.75,79.99,77.35,77.81,77.2984,12071700,2026-10-05T14:27:09+00:00
2026-01-20,WMT,120.89,121.62,117.61,118.71,117.9588,45334000,2026-10-05T14:27:09+00:00
2026-01-20,COST,958.38,969.9,954.13,964.26,960.0229,3209900,2026-10-05T14:27:09+00:00
2026-01-20,CAT,642.0,644.1,625.12,629.0,626.6423,2659000,2026-10-05T14:27:09+00:00
2026-01-20,DE,514.56,515.26,507.09,508.68,504.681,1377100,2026-10-05T14:27:09+00:00
2026-01-20,IAK,129.04,130.76,129.04,129.87,127.0852,100700,2026-10-06T06:50:35+00:00
2026-01-20,JETS,28.42,28.76,28.145,28.28,28.28,6123400,2026-10-06T06:50:35+00:00
