date,ticker,open,high,low,close,adj_close,volume,collected_at
2025-07-31,NIFTY50,24642.25,24956.5,24635.0,24768.3496,24768.3496,346300,2026-10-05T14:26:47+00:00
2025-07-31,INDIAVIX,11.21,12.12,11.21,11.54,11.54,0,2026-10-05T14:26:47+00:00
2025-07-31,SPX,6427.02,6427.02,6327.6401,6339.3901,6339.3901,6077080000,2026-10-05T14:26:47+00:00
2025-07-31,NASDAQ,21457.4805,21457.4805,21078.6699,21122.4492,21122.4492,9917220000,2026-10-05T14:26:47+00:00
2025-07-31,NIKKEI,40693.0,41151.25,40639.3203,41069.8203,41069.8203,134800000,2026-10-05T14:26:47+00:00
2025-07-31,HANGSENG,24982.8691,25000.0605,24744.9199,24773.3301,24773.3301,4186400000,2026-10-05T14:26:47+00:00
2025-07-31,USDINR,87.7146,87.7764,87.2866,87.7146,87.7146,0,2026-10-05T14:26:47+00:00
2025-07-31,BRENT,73.4,73.49,72.42,72.53,72.53,56020,2026-10-05T14:26:47+00:00
2025-07-31,GOLD,3272.8999,3312.0,3272.8999,3293.2,3293.2,158029,2026-10-05T14:26:47+00:00
2025-07-31,US10Y,4.344,4.36,4.326,4.36,4.36,0,2026-10-05T14:26:47+00:00
2025-07-31,DXY,99.8,100.1,99.52,100.03,100.03,0,2026-10-05T14:26:47+00:00
2025-07-31,HDFCBANK,1007.3,1015.7,1004.0,1009.1,992.6816,22183032,2026-10-05T14:26:47+00:00
2025-07-31,ICICIBANK,1469.9,1494.5,1464.0,1481.4,1457.7672,12406146,2026-10-05T14:26:47+00:00
2025-07-31,INFY,1509.7,1527.1,1497.0,1509.0,1454.7671,6851407,2026-10-05T14:26:47+00:00
2025-07-31,TCS,3041.7,3059.8,3015.0,3036.8,2915.7588,2968371,2026-10-05T14:26:47+00:00
2025-07-31,SBILIFE,1838.0,1857.4,1821.4,1840.7,1838.1447,1570804,2026-10-05T14:26:47+00:00
2025-07-31,HDFCLIFE,746.0,761.25,746.0,755.5,752.8168,1783473,2026-10-05T14:26:47+00:00
2025-07-31,ADANIPORTS,1382.1,1395.8,1370.3,1373.1,1367.3374,1412892,2026-10-05T14:26:47+00:00
2025-07-31,INDIGO,5625.0,5930.5,5606.5,5910.5,5900.5288,2572409,2026-10-05T14:26:47+00:00
2025-07-31,RELIANCE,1388.1,1402.6,1382.2,1390.2,1378.297,17065827,2026-10-05T14:26:47+00:00
2025-07-31,ONGC,240.2,242.81,239.66,241.0,227.6569,10254214,2026-10-05T14:26:47+00:00
2025-07-31,SUNPHARMA,1715.5,1748.0,1694.0,1706.7,1691.2527,3233087,2026-10-05T14:26:47+00:00
2025-07-31,DRREDDY,1274.5,1285.0,1257.0,1270.3,1262.295,1968821,2026-10-05T14:26:47+00:00
2025-07-31,M&M,3225.0,3238.2,3135.6001,3203.1001,3169.8123,4465859,2026-10-05T14:26:47+00:00
2025-07-31,MARUTI,12506.0,12760.0,12464.0,12608.0,12348.9785,709783,2026-10-05T14:26:47+00:00
2025-07-31,HINDUNILVR,2420.1001,2549.0,2420.1001,2521.2,2476.3472,5505507,2026-10-05T14:26:47+00:00
2025-07-31,ITC,405.95,414.0,405.55,411.95,392.7928,19364174,2026-10-05T14:26:47+00:00
2025-07-31,LT,3625.0,3662.8999,3621.0,3636.5,3601.3245,1927627,2026-10-05T14:26:47+00:00
2025-07-31,ULTRACEMCO,12201.0,12329.0,12155.0,12249.0,12003.9795,150379,2026-10-05T14:26:47+00:00
2025-07-31,TATASTEEL,161.0,162.13,156.56,157.94,154.7487,26213891,2026-10-05T14:26:47+00:00
2025-07-31,HINDALCO,677.1,692.3,674.95,683.05,674.5583,6136890,2026-10-05T14:26:47+00:00
2025-07-31,NIFTYBANK,55728.1484,56406.1992,55547.3516,55961.9492,55961.9492,182800,2026-10-06T06:50:08+00:00
2025-07-31,NIFTYIT,35218.8516,35589.0,34999.25,35301.6484,35301.6484,25100,2026-10-06T06:50:08+00:00
2025-07-31,NIFTYPHARMA,22772.9004,22993.8496,22701.8496,22771.0508,22771.0508,26200,2026-10-06T06:50:08+00:00
