date,ticker,open,high,low,close,adj_close,volume,collected_at
2024-11-27,SPY,600.46,600.85,597.28,598.83,585.3223,34000200,2026-10-05T14:27:09+00:00
2024-11-27,VIX,14.28,15.13,13.96,14.1,14.1,0,2026-10-05T14:27:09+00:00
2024-11-27,ES,6041.75,6047.0,6000.25,6015.0,6015.0,1157171,2026-10-05T14:27:09+00:00
2024-11-27,NQ,20990.75,21019.0,20675.0,20813.0,20813.0,520026,2026-10-05T14:27:09+00:00
2024-11-27,US10Y,4.25,4.275,4.227,4.242,4.242,0,2026-10-05T14:27:09+00:00
2024-11-27,DXY,106.82,106.92,105.86,106.08,106.08,0,2026-10-05T14:27:09+00:00
2024-11-27,WTI,68.91,69.37,68.18,68.72,68.72,227215,2026-10-05T14:27:09+00:00
2024-11-27,GOLD,2633.5,2657.8999,2627.2,2639.8999,2639.8999,61653,2026-10-05T14:27:09+00:00
2024-11-27,XLF,51.23,51.62,51.21,51.26,49.7334,31803700,2026-10-05T14:27:09+00:00
2024-11-27,XLK,116.585,116.655,114.765,115.79,114.472,6369400,2026-10-05T14:27:09+00:00
2024-11-27,XLC,97.95,98.155,97.555,97.87,95.5717,2413700,2026-10-05T14:27:09+00:00
2024-11-27,XLE,47.565,47.965,47.5,47.56,44.7529,15595600,2026-10-05T14:27:09+00:00
2024-11-27,XLV,146.31,147.76,146.31,146.95,141.9984,5952800,2026-10-05T14:27:09+00:00
2024-11-27,XLY,110.77,110.925,109.755,110.02,108.1973,3829000,2026-10-05T14:27:09+00:00
2024-11-27,XLP,83.0,83.24,82.65,82.8,78.4795,7067800,2026-10-05T14:27:09+00:00
2024-11-27,XLI,144.15,144.51,143.14,143.18,139.4196,5561100,2026-10-05T14:27:09+00:00
2024-11-27,JPM,249.35,251.19,248.77,249.79,241.187,5472300,2026-10-05T14:27:09+00:00
2024-11-27,BAC,47.82,47.98,47.65,47.77,45.6976,23278400,2026-10-05T14:27:09+00:00
2024-11-27,NVDA,135.01,137.22,131.8,135.34,134.9778,226370900,2026-10-05T14:27:09+00:00
2024-11-27,AAPL,234.47,235.69,233.81,234.93,233.2374,33498400,2026-10-05T14:27:09+00:00
2024-11-27,GOOGL,169.0,169.48,168.02,169.23,168.0499,19266500,2026-10-05T14:27:09+00:00
2024-11-27,META,574.89,574.98,564.1,569.2,565.4977,7200200,2026-10-05T14:27:09+00:00
2024-11-27,PGR,268.02,270.62,266.59,266.86,245.5464,2862900,2026-10-05T14:27:09+00:00
2024-11-27,ALL,207.75,209.88,206.63,208.2,200.3724,1429600,2026-10-05T14:27:09+00:00
2024-11-27,DAL,64.07,64.4,63.23,63.62,62.3749,5557400,2026-10-05T14:27:09+00:00
2024-11-27,UAL,96.51,96.95,95.08,96.35,96.35,3145700,2026-10-05T14:27:09+00:00
2024-11-27,XOM,118.09,118.73,117.43,117.66,111.2626,11079100,2026-10-05T14:27:09+00:00
2024-11-27,CVX,162.76,164.68,161.61,162.11,150.7193,7674500,2026-10-05T14:27:09+00:00
2024-11-27,LLY,788.12,794.83,780.3,788.19,778.593,2714700,2026-10-05T14:27:09+00:00
2024-11-27,MRK,101.65,103.45,101.64,103.12,96.6006,9802200,2026-10-05T14:27:09+00:00
2024-11-27,TSLA,341.8,342.55,326.59,332.89,332.89,57896400,2026-10-05T14:27:09+00:00
2024-11-27,GM,55.2,56.07,55.15,55.5,54.4474,11386800,2026-10-05T14:27:09+00:00
2024-11-27,WMT,92.0,92.25,91.31,91.88,90.2331,14358900,2026-10-05T14:27:09+00:00
2024-11-27,COST,971.46,972.29,958.59,961.55,952.3553,1499500,2026-10-05T14:27:09+00:00
2024-11-27,CAT,408.4,412.12,403.24,403.7,395.2788,1371900,2026-10-05T14:27:09+00:00
2024-11-27,DE,461.91,467.06,461.1,466.0,454.3568,1258700,2026-10-05T14:27:09+00:00
2024-11-27,IAK,138.01,139.08,137.85,138.13,132.1397,144500,2026-10-06T06:50:35+00:00
2024-11-27,JETS,24.38,24.51,24.28,24.49,24.291,979400,2026-10-06T06:50:35+00:00
